155
376
399
488
665
930
1371
1746
2209
2474
2915
3752
4501
4920
5339
5714
6023
6354
6839
7412
7765
8096
8427
8714
9045
9508
9927
10236
10721
11184
11449
11648
12089
12354
12795
13236
13611
13854
14075
14494
14803
15112
15421
15862
16039
16194
16635
17076
17517
17804
18245
18576
18863
19304
19635
20208
20693
21134
21355
21532
21973
22370
22877
23296
23737
24068
24355
24664
25105
25678
26405
26780
27001
27222
27663
28060
28479
28920
29229
29450
29715
30090
30311
30752
31127
31568
31613
31658
31989
32254
32695
33136
33357
33424
33579
33800
34351
34704
35035
35300
35455
35676
36117
36558
36999
37264
37507
37750
37971
38456
38809
39140
39537
39934
40133
40376
40641
41082
41369
41568
41855
41988
42121
42254
42629
42938
43247
43534
43667
43954
44373
44616
45057
45454
45895
46028
46139
46448
46845
47198
47573
48014
48235
48522
48721
49162
49581
50000
50309
50464
50597
51038
51369
51678
52053
52318
52561
52650
53003
53422
53819
54084
54305
54416
54549
54858
55365
55674
55917
56204
56403
56646
56779
57000
57155
57464
57817
58016
58215
58436
58833
59274
59627
59936
60179
60400
60643
60864
61107
61350
61637
61968
62255
62652
63049
63402
63557
63976
64153
64396
64727
65058
65389
65830
66205
66448
66603
66978
67309
67530
67685
67928
68083
68194
68481
68922
69297
69606
69871
69938
70159
70534
70799
71240
71571
71704
71837
71926
72125
72412
72567
72788
73075
73252
73385
73496
73717
73916
74225
74556
74689
74800
75087
75506
76101
76894
77555
78018
78481
79318
80243
81014
81455
82248
82689
83130
83703
84408
84959
85532
86039
86326
86745
87120
87649
87980
88223
88532
88885
89304
89525
90010
90407
90892
91333
91510
91753
91974
92217
92438
92791
93122
93475
93696
94137
94512
94733
95020
95439
95616
95837
96036
96213
96654
97073
97338
97581
97978
98199
98486
98927
99346
99809
99986
100119
100450
100891
101244
101685
101906
102039
102260
102547
102812
103033
103298
103981
104488
105281
106492
107791
108782
109509
110412
110721
111426
112021
112858
113365
114158
114907
115326
115745
116560
117573
118520
119511
119952
120393
120834
121407
122354
122795
123236
123897
124184
124405
124824
125265
125728
126169
126566
126853
127096
127427
127846
128441
128618
128795
129016
129281
129546
129745
130186
130473
130826
131113
131334
131907
132348
132701
133098
133495
133716
133981
134180
134621
135040
135481
135966
136143
136540
136981
137422
137863
138392
138877
139296
139627
140200
140553
140994
141435
141942
142295
142472
142825
143134
143553
143994
144347
144612
144833
145120
145517
145892
146179
146532
146709
146930
147305
147790
147967
148408
148717
148872
149181
149358
149733
150086
150483
150660
150727
150882
151191
151522
151941
152184
152559
152846
153045
153530
153949
154390
154699
155140
155515
155824
156265
156772
157147
157588
157985
158294
158647
158934
159749
160278
160719
161160
161513
161690
161845
162198
162551
162838
163279
163478
163677
163964
164317
164472
164715
164936
165047
165158
165467
165776
166239
166526
166835
167056
167277
167542
167917
168204
168579
168954
169153
169286
169617
170036
170411
170830
170963
171118
171251
171670
172111
172464
172905
173192
173391
173524
173789
174230
174693
174892
175245
175532
175753
175908
176349
176680
177077
177232
177431
177652
178071
178380
178821
179262
179703
179858
180079
180278
180697
180896
181183
181426
181493
181670
181979
182332
182773
183082
183369
183436
183833
184362
184803
185024
185399
185730
185863
185952
186393
186702
186967
187342
187453
187608
187851
188028
188447
188800
189175
189352
189529
189684
190125
190412
191689
192460
192791
192924
193211
193410
193631
193830
194271
194602
194801
195000
195441
195992
196411
196808
197139
197448
197757
198220
198573
199168
199609
200292
200447
200712
201153
201616
202057
202388
202631
202830
202963
203294
203625
203912
204221
204662
204817
205126
205567
205832
206339
206736
207067
207244
207465
207906
208325
208854
209361
209802
209935
210068
210355
210686
210951
211216
211679
212010
212165
212452
213003
213312
213797
214238
214371
214702
215055
215540
216179
216444
216753
216908
217261
217856
218473
219156
219575
220016
220259
220480
220657
221032
221297
221738
221893
222136
222181
222732
223173
223614
224055
224320
224409
224520
224939
225380
225733
226174
226615
227012
227387
228004
228467
229106
229591
230032
230209
230518
230959
231422
231797
232216
232657
232856
233121
233518
234135
234642
235083
235458
235767
236010
236341
236672
237003
237356
237555
237688
237997
238240
238615
239210
239563
239982
240137
240226
240491
240690
240911
241352
241727
241992
242301
242632
243073
243602
243845
244176
244397
244618
245059
245500
245765
246118
246603
246824
246935
247376
247817
248170
248611
249030
249317
249538
249979
250794
251103
251610
251743
251942
251987
252120
252341
252716
253069
253356
253511
253644
253953
254108
254549
254748
254991
255124
255345
255478
255875
256118
256361
256626
256803
256936
257377
257752
258193
258612
258789
258922
259121
259562
259915
260312
260731
260952
261371
262142
263551
264608
265159
265754
266415
266878
267209
267716
268179
268774
269413
269898
270031
270252
270539
270782
271113
271488
271775
271820
272019
272306
272901
273496
273893
274114
274555
274820
275085
275526
275945
276386
276651
276806
277049
277490
277887
278262
278835
278990
279101
