111
310
355
378
577
732
931
1130
1219
1286
1419
1552
1597
1752
1841
1974
2371
2658
2725
2770
2969
3190
3323
3456
3677
3986
4097
4142
4583
4650
4717
4872
4983
5050
5183
5338
5515
5714
5803
5892
5915
5938
5961
5984
6007
6030
6075
6120
6231
6342
6475
6696
6763
7028
7161
7272
7317
7538
7671
7870
8201
8620
8753
8820
9063
9328
9461
9858
10145
10586
10741
10852
11007
11492
11757
11890
12221
12530
12685
12994
13039
13172
13239
13922
14099
14386
14497
14674
14983
15006
15601
15690
16153
16396
16859
17080
17433
17698
17941
18206
18669
19044
19353
19596
19751
19950
20127
20150
20327
20570
21011
21386
21497
21938
22093
22226
22469
22690
22955
23286
24717
25158
25643
26018
26349
26922
27275
27386
27827
28224
28819
29040
29305
29372
29593
29616
29903
30234
30521
30874
31205
31624
31757
31890
32199
32354
32641
32708
32995
33326
33701
33988
34011
34694
34783
34960
35071
35226
35337
35426
35537
35824
36177
36376
36619
36664
36841
37084
37371
37768
38187
38518
38915
39224
39577
39798
40151
40614
41055
42046
42267
42994
43215
43722
44317
44670
44935
45156
45531
45818
46215
46810
47449
48022
48661
49322
50181
50908
51481
52780
53485
54124
55049
55226
56283
56438
56923
57518
57783
58312
59105
59832
60845
61286
61815
61926
61993
62170
62413
62722
63009
63186
63209
63452
63585
63806
63917
64028
64139
64206
64361
64472
64561
64672
64827
65180
65291
65512
65909
66108
66285
66616
66991
67146
67587
67786
67853
67898
68185
68208
68561
68694
68739
68916
69137
69204
69249
69492
69515
