3
6
9
12
15
18
63
108
111
134
137
140
163
166
169
172
175
178
181
204
207
210
213
216
239
242
287
310
313
316
339
342
345
348
371
374
377
380
383
406
409
412
415
418
421
424
427
430
433
436
439
442
445
448
451
454
457
460
463
486
489
492
495
498
501
504
507
510
513
516
539
542
545
548
551
554
557
580
583
586
589
592
615
618
663
666
669
672
717
720
723
726
729
732
735
738
741
744
747
750
795
798
801
804
807
810
833
836
881
904
907
952
975
978
981
984
987
1010
1013
1016
1039
1042
1045
1068
1135
1158
1161
1164
1167
1170
1193
1216
1305
1328
1351
1354
1357
1446
1535
1580
1583
1606
1609
1612
1635
1658
1661
1706
1709
1712
1735
1758
1761
1764
1767
1790
1793
1838
1841
1844
1847
1850
1853
1856
1859
1862
1865
1868
1871
1938
1961
1964
1987
1990
1993
2016
2019
2022
2025
2048
2051
2054
2099
2102
2125
2128
2131
2134
2137
2160
2163
2166
2169
2172
2175
2178
2181
2204
2207
2210
2213
2258
2281
2284
2287
2290
2293
2316
2383
2386
2389
2392
2395
2398
2421
2424
2447
2450
2453
2456
2459
2462
2465
2468
2471
2474
2497
2500
2503
2506
2509
2512
2515
2538
2541
2544
2567
2570
2573
2618
2621
2624
2627
2630
2633
2636
2639
2662
2665
2688
2691
2694
2697
2700
2723
2726
2729
2752
2755
2758
2761
2764
2767
2856
2879
2902
2905
2908
2911
2914
2917
2920
2923
2926
2929
2974
3019
3042
3045
3048
3051
3054
3057
3060
3063
3108
3153
3176
3179
3202
3291
3294
3297
3300
3303
3306
3309
3312
3315
3318
3321
3324
3347
3392
3395
3398
3421
3444
3467
3470
3473
3476
3479
3482
3485
3488
3555
3578
3667
3734
3801
3804
3849
3938
4005
4050
4053
4056
4059
4104
4107
4110
4113
4158
4203
4270
4315
4360
4405
4494
4759
4804
4893
5004
5027
5072
5139
5142
5165
5188
5191
5280
5283
5328
5439
5442
5445
5448
5471
5494
5497
5520
5523
5526
5549
5552
5575
5664
5667
5670
5693
5716
5719
5722
5725
5728
5731
5734
5737
5740
5763
5786
5789
5812
5815
5818
5841
5886
5889
5892
5895
5918
5921
5924
5927
5930
5933
5936
5939
5942
5945
5948
5971
5974
5997
6000
6023
6026
6049
6052
6075
6078
6081
6084
6129
6196
6199
6202
6225
6228
6231
6234
6237
6260
6263
6266
6269
6272
6295
6298
6301
6346
6369
6372
6375
6378
6423
6426
6429
6452
6455
6458
6461
6464
6467
6470
6537
6604
6759
6762
6807
6830
6875
6878
6881
6884
6887
6890
6893
6896
6919
6922
6925
6928
6931
6934
6937
6940
6963
6966
6969
6972
6975
6978
6981
6984
6987
6990
6993
6996
7019
7022
7025
7028
7031
7034
7037
7040
7043
7046
7049
7052
7055
7078
7081
7084
7087
7090
7093
7116
7119
7122
7125
7128
7173
7240
7329
7418
7421
7424
7427
7430
7433
7456
7459
7482
7485
7488
7491
7494
7517
7520
7543
7546
7549
7572
7575
7598
7687
7776
7799
7822
7825
7828
7831
7834
7837
7860
7863
7908
7953
7956
7979
7982
8027
8050
8053
8098
8101
8104
8193
8196
8219
8222
8225
8228
8231
8234
8279
8282
8285
8288
8291
8336
8339
8342
8345
8348
8351
8396
8419
8442
8509
8554
8621
8732
8735
8780
8869
8872
8875
8878
8923
8926
8949
8952
8955
8978
8981
9026
9029
9052
9075
9078
9081
9084
9087
9090
9093
9138
9141
9144
9147
9150
9153
9156
9159
9162
9165
9168
9171
9174
9177
9200
9203
9206
9209
9212
9215
9218
9221
9224
9227
9250
9253
9256
9259
9326
9349
9352
9355
9358
9361
9364
9387
9476
9479
9482
9505
9508
9531
9534
9537
9604
9607
9610
9613
9636
9703
9706
9729
9732
9735
9758
9781
9804
9827
9850
10005
10008
10053
10056
10101
10104
10107
10152
10175
10178
10181
10184
10187
10190
10193
10216
10219
10222
10225
10228
10231
10234
10237
10240
10243
10246
10249
10252
10255
10258
10261
10264
10267
10270
10273
10276
10279
10282
10285
10288
10291
10336
10359
10362
10365
10388
10391
10414
10417
10420
10423
10426
10449
10452
10455
10458
10461
10464
10467
10470
10493
10496
10499
10502
10525
10528
10531
10554
10557
10560
10563
10566
10569
10572
10575
10578
10581
10584
10587
10590
10593
10616
10639
10642
10645
10648
10651
10654
10677
10680
10683
10686
10689
10692
10695
10698
10721
10724
10747
10750
10753
10820
10887
10890
10913
10936
10959
11048
11071
11094
11161
11206
11209
11212
11235
11258
11261
11284
11307
11310
11333
11336
11339
11342
11345
11348
11351
11354
11357
11380
11383
11386
11389
11392
11395
11398
11401
11404
11407
11410
11413
11416
