3
6
9
12
15
18
21
24
27
30
33
36
39
42
45
48
51
54
57
60
63
66
69
72
75
78
81
104
127
130
133
136
139
142
145
168
171
216
239
262
285
288
311
314
317
320
323
346
349
352
355
358
361
364
367
370
393
396
399
402
405
408
411
414
417
420
423
426
429
452
455
458
461
464
467
470
473
476
479
482
485
488
491
494
497
500
503
506
509
512
515
518
521
524
527
550
553
556
559
562
565
568
571
594
597
600
603
606
609
612
615
618
621
624
627
630
633
636
639
642
645
648
651
654
657
660
663
666
669
672
675
678
681
684
687
690
693
696
699
702
705
708
711
714
717
720
723
726
729
732
735
738
741
744
747
750
753
756
759
762
765
768
771
774
777
780
783
786
789
792
795
798
801
804
807
810
813
816
819
822
825
828
831
834
837
840
843
846
849
852
855
858
861
864
867
870
873
876
879
882
885
888
891
894
897
900
903
906
909
912
915
918
921
924
947
950
953
956
959
962
965
968
971
974
977
980
983
986
989
992
995
998
1001
1004
1007
1010
1013
1016
1019
1022
1025
1028
1031
1034
1057
1080
1125
1128
1131
1134
1137
1160
1183
1250
1339
1384
1473
1540
1629
1632
1677
1680
1683
1686
1709
1754
1777
1780
1825
1848
1851
1854
1899
1922
1925
1948
1951
1996
1999
2002
2069
2072
2095
2118
2121
2188
2233
2256
2323
2326
2329
2332
2355
2400
2423
2446
2469
2472
2475
2478
2481
2484
2487
2532
2555
2600
2799
2976
3219
3308
3375
3398
3509
3708
3841
3930
4019
4064
4175
4572
5057
5476
5917
6116
6205
6316
6515
6758
6869
6936
7025
7114
7181
7314
7579
7712
8043
8352
8485
8662
9169
9500
9743
10052
10317
10494
10649
10826
10937
11378
11489
11534
11623
11756
11977
12264
12375
12442
12487
12490
12579
12756
12867
12934
13155
13244
13247
13270
13381
13536
13625
13714
13759
13804
13807
13896
13963
14052
14075
14098
14101
14168
14213
14258
14325
14328
14373
14396
14463
14596
14619
14708
14731
14734
14779
14868
14871
14894
15049
15182
15249
15294
15297
15300
15323
15346
15457
15480
15525
15614
15703
15814
15859
15904
15993
15996
15999
16088
16155
16178
16201
16224
16335
16358
16403
16514
16559
16670
16715
16738
16741
16764
16853
16856
16967
17100
17103
17148
17215
17282
17327
17372
17417
17420
17487
17576
17797
17908
18019
18064
18153
18242
18331
18420
18553
18598
18709
18776
18779
18782
18805
18850
18939
19006
19051
19162
19317
19428
19473
19584
19673
19718
19741
19786
19875
19964
20053
20164
20209
20212
20301
20434
20501
20590
20679
20682
20727
20794
20861
20950
21017
21020
21023
21068
21113
21246
21269
21314
21381
21492
21495
21540
21651
21696
21719
21742
21787
21790
21813
21858
21903
21906
21909
21912
21915
21918
21941
21964
21987
22032
22055
22058
22061
22064
22087
22110
22155
22178
22245
22378
22467
22600
22667
22734
22737
22740
22763
22808
22853
22942
22965
23010
23033
23100
23189
23212
23215
23260
23263
23286
23331
23376
23399
23402
23513
23536
23581
23584
23587
23632
23655
23700
23745
23790
23857
23902
23905
23908
23931
23934
23937
23960
23963
23986
24031
24034
24037
24040
24063
24108
24131
24154
24177
24200
24223
24246
24291
24294
24317
24340
24343
24346
24391
24458
24481
24526
24549
24572
24575
24598
24601
24604
24627
24650
24653
24698
24701
24724
24813
24816
24839
24842
24865
24932
24999
25002
25005
25008
25011
25014
25037
25060
25063
25066
25069
25072
25117
25120
25123
25126
25129
25174
25197
25242
25287
25310
25333
25378
25381
25426
25449
25452
25475
25498
25501
25504
25549
25594
25683
25686
25689
25692
25715
25760
25783
25806
25829
25832
25855
25858
25861
25864
25867
25912
25915
25938
25941
25944
25947
25950
25953
25956
25959
26004
26027
26072
26075
26078
26101
26104
26107
26110
26133
26156
26159
26182
26185
26188
26191
26194
26197
26200
26203
26206
26229
26296
26299
26322
26367
26390
26413
26436
26439
26462
26465
26468
26471
26494
26517
26520
26523
26526
26549
26572
26575
26578
26581
26584
26587
26610
26613
26636
26639
26662
26665
26710
26755
26778
26801
26824
26935
26938
26941
26944
26967
26970
26993
27016
27019
27022
27025
27028
27031
27076
27121
27166
27169
27172
27175
27178
27181
27184
27207
27210
27213
27216
27219
27222
27267
27270
27293
27360
27405
27450
27453
27476
27499
27502
27505
27508
27531
27534
27557
27580
27625
27692
27715
27738
27761
27764
27767
27770
27773
27796
27841
27886
27909
27912
27935
27938
27941
27944
28011
28034
28037
28040
28043
28046
28069
28114
28117
