67
90
179
246
313
402
645
822
1263
1440
1815
2146
2455
2742
2985
3250
3427
3582
3803
4090
4311
4532
4775
5018
5305
5680
5989
6232
6343
6564
6763
6852
7029
7294
7493
7604
8001
8178
8333
8378
8621
8886
9107
9196
9329
9440
9683
9970
10059
10148
10281
10348
10525
10724
10879
10968
11233
11366
11543
11610
11831
11942
12075
12362
12451
12606
12651
12872
12939
13116
13293
13426
13493
13582
13737
13892
13937
14048
14269
14622
14777
14844
15087
15440
15815
15948
16147
16346
16523
16700
16877
17076
17231
17408
17453
17542
17719
18006
18315
18558
18581
18714
18847
19244
19421
19664
19731
19820
19953
20130
20329
20440
20617
20838
20905
21016
21019
21130
21219
21330
21397
21552
21663
21774
22039
22238
22393
22460
22637
22748
22881
23124
23213
23368
23479
23612
23899
24054
24275
24496
24915
25092
25137
25248
25403
25712
25955
26088
26265
26398
26487
26664
26841
27040
27261
27350
27483
27550
27639
27772
27927
28016
28127
28194
28305
28438
28681
28814
29211
29256
29279
29346
29391
29546
29679
29768
30011
30078
30189
30234
30345
30566
30677
30722
30725
30814
30991
31124
31279
31478
31589
31700
31811
31900
32121
32232
32321
32476
32631
32852
32941
33096
33119
33186
33363
33452
33607
33784
34005
34094
34117
34228
34231
34408
34497
34630
34895
35116
35293
35404
35449
35516
35627
35738
35937
36004
36159
36380
36425
36492
36625
36846
36957
37134
37267
37290
37533
37842
37997
38196
38263
38352
38419
38530
38575
38950
39237
39370
39547
39768
40055
40342
40585
40872
40961
41116
41315
41536
41845
42132
42375
42596
42773
42994
43325
43502
43723
43856
43989
44232
44673
44960
45379
45710
45909
45998
46109
46264
46463
46794
47015
47192
47281
47458
47569
47702
47813
47990
48079
48102
48169
48368
48567
48744
48987
49230
49275
49364
49431
49674
49917
50138
50271
50316
50361
50472
50693
51112
51311
51356
51379
51556
51711
52042
52219
52330
52551
52992
53477
53962
54337
54800
55219
55616
55859
56124
56279
56676
57117
57558
57735
57846
58177
58376
58575
58796
59083
59392
59591
59812
60253
60584
60871
61136
61423
61578
61733
62064
62219
62330
62507
62816
62971
63038
63193
63524
63635
63856
63923
63990
64057
64234
64345
64478
64743
64854
64965
65120
65165
65430
65673
65850
66005
66204
66249
66316
66493
66648
66847
67002
67223
67334
67533
67556
67799
67998
68307
68484
68573
68860
69015
69126
69193
69414
69459
69526
69637
69748
70079
70256
70301
70478
70523
70634
70679
70812
71077
71276
71431
71498
71697
71808
72029
72162
72273
72450
72627
72760
72893
72982
73049
73270
73469
73624
73757
73846
73957
74046
74179
74224
74357
74446
74491
74580
74625
74714
74825
74958
75223
75576
75885
76194
76393
76570
76659
76792
77761
78180
78423
78534
78645
78888
79065
79418
79661
79794
79905
80126
80347
80524
80613
80790
81011
81144
81277
81388
81543
81676
81743
81854
82031
82296
82385
82562
82629
82696
82719
82764
82787
82898
83119
83186
83385
83628
83717
83872
84005
84116
84249
84426
84625
84758
84803
84936
85113
85312
85423
85534
85711
85844
85955
86066
86155
86222
86487
86576
86709
86754
86997
87108
87219
87440
87443
87446
87513
87624
87669
87824
87957
88002
88069
88290
88467
88512
88689
88888
89065
89154
89375
89574
89927
90016
90149
90348
90481
90526
90813
91012
91123
91278
91345
91478
91655
91876
92273
92714
92935
93178
93311
93334
93577
93688
94151
94196
94307
94506
94639
94772
94905
94950
95127
95524
95943
96054
96187
96452
96563
96806
96939
97094
97205
97382
97757
97912
98133
98244
98311
98422
98753
98930
99195
99328
99373
99396
99463
99530
99641
99818
100127
100216
100327
100394
100791
101078
101343
101652
101763
101896
102007
102184
102317
102758
103023
103200
103377
103642
103885
104150
104239
104416
104505
104550
104661
104794
104927
105082
105171
105370
105525
105680
106099
106232
106343
106498
106653
106786
107205
107580
107955
108132
108375
108486
108509
108532
108665
108754
108887
108976
108999
109022
109067
109178
109289
109510
109687
109842
109953
109998
110065
110068
110223
110290
110379
110446
110623
110910
111109
111198
111639
111904
112037
112060
112149
112238
112437
112548
112725
112792
112859
112904
113103
113258
113413
113480
113569
113680
113857
113968
113991
114080
114103
114126
114281
114392
114591
114812
114945
115012
115079
115102
115367
115456
115589
115744
115877
115944
116099
116188
116365
116454
116587
116610
116743
116876
116987
117186
117253
117298
117431
117564
117719
117874
118249
118514
118713
118868
118935
119178
119289
119510
119621
119776
119997
120020
120131
120198
120243
120354
120531
120642
120753
120798
120997
121042
121175
121198
121573
121772
121883
121972
121975
121978
122111
122332
122443
122488
122555
122600
122645
122800
122867
122956
122979
123200
123443
123818
123907
123996
124327
124702
125231
125694
125893
126026
126247
126534
126821
126998
127087
127440
127705
127904
127993
128082
128237
128480
128525
128834
129055
129144
129189
129344
129433
129654
129809
130162
130273
130296
130385
130540
130673
130916
131005
131182
131381
131690
131845
131868
132023
132178
132223
