1739
8780
12015
13116
14921
15846
18531
19434
22515
23968
24805
26896
27249
30594
31717
32466
33325
34184
34691
34934
35375
36168
36675
37710
38151
39032
39275
41740
42445
43304
45087
45836
47113
50458
51845
53738
56379
58272
59395
60232
61817
63754
64195
65296
65737
66860
67741
68798
70383
71682
73157
74280
74985
75426
76659
77848
78729
80358
81173
82626
84497
87006
87953
89494
90397
91740
93347
95900
97705
99488
99929
101250
102879
103518
103959
104092
104687
105392
106383
106912
107243
107970
108521
109534
110789
111230
111693
112904
114203
114798
115657
116846
118563
120060
120743
123406
125651
126906
127545
127986
129989
131970
133137
135250
136175
137122
138333
139390
141217
142230
142935
144212
145599
147316
148791
150244
151499
152314
153547
154274
155265
156388
157027
157952
158679
159406
160199
160750
161917
163238
164735
165748
166299
167070
168083
168898
169999
170792
171673
172994
174447
175438
176539
177508
178103
178852
180041
181120
181649
182464
183081
183610
184227
184668
185241
185902
186189
186740
187357
187798
188525
189032
189627
190134
190795
191390
191831
193438
194011
194452
195047
195620
196259
196832
197405
198154
198617
199080
199367
200006
200711
201196
201857
202342
202871
203092
203775
204304
204745
205538
206573
207828
208907
209348
209789
210428
210869
211244
211685
212170
212655
213338
213779
214220
214771
215300
215653
216248
216689
217152
217549
218562
219091
219400
220281
220678
221999
222484
223497
223938
224863
225700
226207
226890
227441
228102
228279
228478
228655
228920
229185
229274
229759
230090
230531
230840
231149
231524
231833
232054
232363
232562
232761
232894
233401
233886
234261
234702
235011
235518
235915
236202
236643
237018
237437
237856
238297
238716
239157
239510
239665
239864
240151
240262
240703
241078
241167
241322
241697
241742
241787
242008
242097
