45
48
51
54
77
100
145
190
235
280
303
326
415
482
571
616
639
662
707
752
797
842
887
932
955
1000
1045
1048
1051
1140
1163
1186
1297
1342
1431
1454
1565
1588
1591
1614
1637
1748
1771
1774
1797
1820
1843
1954
2065
2110
2199
2202
2225
2292
2315
2382
2449
2560
2563
2566
2611
2634
2657
2680
2725
2728
2731
2754
2777
2780
2847
2850
2853
2856
2879
2902
2905
2928
2951
3040
3043
3046
3049
3094
3139
3184
3207
3210
3255
3278
3301
3346
3369
3372
3395
3418
3421
3424
3491
3536
3559
3562
3585
3718
3741
3786
3831
3854
3857
3902
3925
3948
4015
4060
4063
4086
4131
4134
4137
4160
4163
4166
4189
4212
4279
4302
4305
4328
4331
4334
4357
4402
4425
4448
4471
4474
4519
4542
4545
4612
4635
4658
4661
4664
4687
4690
4735
4738
4761
4764
4809
4832
4855
4900
4923
4990
5013
5036
5081
5104
5127
5194
5217
5220
5223
5246
5291
5294
5297
5320
5323
5346
5349
5372
5417
5420
5487
5532
5535
5538
5561
5564
5567
5590
5593
5596
5619
5622
5625
5692
5715
5738
5761
5828
5831
5834
5857
5924
5927
5972
5975
6020
6043
6088
6111
6134
6223
6226
6293
6316
6339
6342
6365
6388
6391
6394
6397
6400
6445
6468
6471
6474
6497
6564
6587
6590
6613
6616
6619
6642
6665
6688
6755
6758
6781
6848
6871
6894
6917
6984
6987
7010
7077
7166
7233
7278
7301
7346
7349
7416
7483
7616
7727
7838
7905
7908
7997
8086
8153
8220
8441
8486
8509
8664
8775
8820
8909
9020
9023
9046
9091
9246
9357
9468
9645
9690
9693
9696
9807
9918
10073
10140
10163
10166
10233
10278
10389
10434
10545
10548
10551
10706
10751
10774
10885
10930
10975
10998
11065
11198
11201
11356
11511
11534
11537
11604
11649
11826
12003
12026
12029
12032
12077
12210
12321
12454
12697
12962
13359
13800
14219
14660
15101
15476
15653
15698
15919
16162
16317
16450
16627
16650
16653
16720
16875
17184
17317
17516
17627
17672
18113
18620
18995
19436
19789
19944
20055
20364
20563
20872
21203
21446
21469
21492
21669
21912
22089
22178
22201
22224
22247
22446
22601
22800
22955
23022
23089
23156
23311
23466
23533
23710
23909
24042
24087
24132
24309
24464
24575
24708
24775
24778
24889
25044
25221
25354
25487
25576
25599
25776
25865
25868
25957
26024
26027
26050
26139
26250
26515
26604
26693
26782
26827
26916
26983
27072
27183
27250
27273
27318
27473
27496
27673
27938
28181
28248
28271
28294
28405
28472
28605
28716
28761
28784
28829
28874
28985
29206
29295
29362
29385
29474
29519
29608
29741
30050
30053
30056
30255
30476
30499
30588
30765
30768
30771
30882
31389
31830
31985
32162
32207
32274
32385
32562
32651
32696
32829
32832
32855
32922
33033
33078
33167
33256
33323
33346
33435
33502
33569
33592
33659
33662
33665
33754
33931
34020
34109
34176
34179
34224
34313
34402
34425
34470
34515
34582
34605
34628
34651
34740
34763
35006
35029
35074
35097
35186
35297
35386
35563
35630
35633
35678
35789
35922
36077
36080
36103
36126
36347
36414
36459
36592
36725
36748
36751
36906
37039
37128
37261
37372
37375
37442
37531
37752
37819
37908
38063
38086
38241
38572
38815
38992
39081
39302
39325
39436
39547
39702
39791
39858
39861
39884
39907
39974
40327
40834
41099
41342
41365
41454
41719
41962
42117
42206
42251
42274
42277
42344
42389
42434
42589
42986
43119
43230
43275
43342
43345
43478
43743
43810
43833
43856
43923
44078
44277
44652
44697
44742
44919
45030
45251
45516
45671
45716
45783
45828
45873
45962
46117
46316
46427
46538
46781
47002
47091
47224
47313
47358
47425
47492
47669
47802
48045
48332
48421
48466
48621
48798
48997
49240
49351
49354
49377
49708
49819
49952
50085
50174
50219
50396
50661
50816
51037
51148
51303
51392
51547
51988
52209
52298
52497
52586
52785
52852
53095
53382
53493
53692
53825
53828
53851
53984
54161
54316
54493
54560
54583
54586
54961
55006
55073
55316
55515
55538
55605
55980
56135
56202
56423
56600
56645
56668
56757
57000
57221
57420
57685
57796
57799
57888
58065
58154
58243
58464
58467
58512
58711
58822
58845
59000
59199
59420
59465
59598
59863
60084
60393
60592
60615
60618
60795
61016
61149
61282
61591
61658
61725
61924
62079
62344
62477
62566
62589
62592
62769
63188
63563
63696
63873
64116
64161
64338
64383
64670
65089
65354
65443
65554
65665
65974
66217
66394
66549
66572
66661
66728
66751
66840
66995
67084
67173
67196
67285
67418
67551
67662
68103
68258
68369
68502
68613
68702
68813
68990
69013
69102
69213
69368
69501
69612
69833
69944
69967
70144
70277
70564
70917
71248
71601
73120
75233
76510
77347
77876
78317
78692
78913
79376
79883
80280
80853
81470
81669
81780
82001
82354
82553
82708
82973
83128
83173
83548
83857
84254
84321
84762
84785
84918
85183
85470
85647
85890
86089
86178
86267
86774
87215
87502
87723
87856
87859
