3
6
9
12
15
18
21
24
27
30
33
56
59
82
85
88
91
94
97
100
103
106
109
112
115
118
121
124
147
150
153
156
159
182
185
188
211
214
217
220
223
226
229
232
235
238
241
244
247
250
253
256
259
262
265
268
271
274
277
280
283
286
289
292
295
298
301
304
307
310
313
316
319
322
325
328
331
334
337
340
343
346
349
352
355
358
361
364
367
370
373
376
379
382
385
388
391
394
397
400
403
406
409
412
415
418
421
424
427
430
433
436
439
442
445
448
451
454
457
460
463
466
469
472
475
478
481
484
487
510
513
516
519
522
525
528
531
534
537
540
543
546
549
552
555
558
561
564
567
570
573
576
579
582
585
588
591
594
597
600
603
606
609
612
615
618
621
624
627
630
633
636
639
642
645
648
651
654
657
660
663
666
669
672
675
678
681
684
687
690
693
696
699
702
705
708
711
714
717
720
723
746
749
752
755
758
761
764
767
770
773
776
779
782
785
788
791
794
797
800
803
826
829
832
835
838
841
844
847
850
853
856
859
862
865
868
871
874
877
922
925
928
931
934
937
940
943
946
949
952
955
958
961
964
967
970
973
976
979
982
985
988
991
994
997
1000
1003
1006
1009
1012
1015
1018
1021
1024
1027
1030
1033
1036
1039
1042
1045
1048
1051
1054
1057
1060
1063
1066
1089
1112
1115
1118
1121
1124
1127
1172
1175
1178
1181
1184
1187
1190
1193
1196
1199
1202
1205
1208
1211
1214
1217
1220
1223
1226
1229
1232
1255
1300
1303
1306
1329
1332
1335
1338
1341
1344
1347
1350
1373
1376
1379
1382
1385
1388
1391
1414
1459
1504
1507
1510
1533
1556
1559
1562
1585
1588
1591
1594
1597
1600
1603
1606
1609
1612
1615
1618
1621
1624
1627
1630
1633
1636
1639
1642
1645
1648
1651
1654
1657
1660
1663
1666
1669
1672
1675
1678
1681
1704
1707
1710
1713
1716
1719
1722
1725
1728
1731
1734
1737
1740
1743
1746
1749
1752
1755
1758
1761
1764
1767
1770
1773
1776
1779
1782
1785
1788
1791
1794
1797
1800
1803
1806
1809
1812
1815
1818
1821
1824
1827
1830
1833
1836
1839
1842
1845
1848
1851
1854
1857
1860
1863
1866
1869
1872
1875
1878
1881
1884
1887
1890
1893
1896
1919
1922
1925
1928
1931
1934
1937
1940
1943
1946
1969
1972
1975
1978
1981
1984
1987
1990
1993
1996
1999
2002
2005
2008
2011
2014
2017
2020
2023
2026
2029
2032
2035
2038
2041
2044
2047
2050
2053
2056
2059
2062
2065
2068
2071
2074
2077
2080
2083
2086
2089
2092
2095
2098
2101
2104
2107
2110
2113
2116
2119
2122
2125
2128
2131
2134
2137
2140
2143
2146
2149
2152
2155
2158
2161
2164
2167
2170
2173
2176
2179
2182
2185
2188
2191
2194
2283
2286
2289
2292
2295
2318
2321
2324
2327
2330
2333
2336
2339
2342
2345
2348
2351
2354
2357
2360
2383
2386
2389
2392
2395
2398
2401
2404
2407
2430
2433
2436
2439
2442
2445
2448
2451
2454
2457
2460
2463
2466
2469
2472
2475
2478
2481
2526
2529
2532
2535
2538
2541
2544
2547
2570
2573
2576
2579
2582
2585
2588
2591
2594
2597
2600
2603
2606
2609
2612
2615
2618
2621
2624
2627
2630
2633
2636
2639
2642
2645
2648
2651
2654
2677
2680
2683
2686
2709
2732
2755
2758
2761
2764
2767
2770
2773
2776
2779
2782
2805
2828
2851
2854
2857
2860
2863
2886
2889
2892
2895
2898
2921
2924
2947
2970
2973
2976
2979
2982
2985
2988
2991
2994
2997
3000
3003
3006
3009
3032
3055
3058
3061
3064
3067
3070
3073
3076
3079
3082
3085
3108
3111
3114
3137
3140
3143
3146
3149
3152
3155
3158
3161
3164
3167
3170
3173
3176
3179
3182
3185
3188
3191
3194
3197
3200
3203
3206
3209
3212
3215
3218
3221
3224
3227
3230
3233
3236
3239
3242
3245
3248
3251
3254
3257
3260
3263
3266
3269
3272
3275
3278
3281
3284
3287
3290
3293
3296
3299
3302
3305
3308
3311
3314
3317
3320
3323
3326
3329
3332
3335
3338
3341
3344
3347
3350
3353
3356
3359
3362
3365
3368
3371
3374
3377
3380
3383
3386
3409
3412
3415
3418
3421
3424
3427
3430
3475
3478
3481
3484
3487
3490
3493
3496
3499
3502
3505
3508
3511
3514
3517
3520
3523
3526
3529
3532
3535
3538
3541
3544
3547
3550
3553
3576
3579
3582
3585
3588
3591
3594
3597
3600
3603
