23
68
91
136
159
226
249
272
317
384
451
496
541
586
631
720
743
766
789
812
835
880
903
970
993
1038
1061
1150
1195
1218
1263
1330
1353
1420
1487
1510
1533
1644
1667
1712
1757
1780
1847
1892
1981
2048
2093
2160
2183
2206
2295
2384
2407
2452
2475
2520
2587
2632
2655
2700
2745
2768
2791
2814
2881
2926
2971
3104
3171
3216
3261
3328
3439
3484
3617
3662
3795
3950
4083
4106
4195
4262
4285
4330
4353
4376
4487
4554
4643
4666
4755
4800
4999
5088
5111
5200
5245
5290
5313
5358
5447
5624
5647
5670
5737
5782
5893
5982
6159
6490
6601
6646
6845
7132
7287
7486
7751
8060
8721
9162
9361
9736
10089
10706
11213
11874
12161
12382
12735
12934
13111
13354
13531
13796
13929
14084
14305
14592
14747
15188
15409
15652
15851
16072
16403
16800
17241
17528
17705
18102
18741
18830
18853
18898
18943
18966
