45
68
91
94
117
162
295
494
759
826
871
1026
1137
1160
1293
1470
1493
1582
1649
1848
1981
2092
2203
2336
2359
2514
2669
2714
2781
2870
2915
2960
2963
3074
3229
3362
3473
3584
3607
3674
3829
4138
4183
4250
4295
4298
4431
4498
4697
4830
4963
5008
5097
5164
5253
5320
5365
5388
5433
5500
5523
5612
5635
5768
5771
5794
5797
5800
5889
5892
5937
5982
5985
5988
5991
6102
6147
6236
6369
6458
6569
6614
6617
6640
6795
6818
6841
6952
6955
7022
7067
7200
7203
7226
7271
7294
7339
7384
7451
7496
7541
7586
7589
7744
7767
7812
7857
7860
7927
7994
8017
8150
8173
8218
8241
8244
8311
8334
8337
8360
8363
8366
8389
8412
8479
8546
8635
8658
8703
8748
8771
8860
8927
9016
9083
9172
9195
9262
9285
9418
9463
9596
9619
9622
9689
9712
9801
9890
9979
10046
10069
10158
10203
10226
10293
10360
10405
10428
10451
10474
10541
10586
10631
10654
10699
10744
10789
10834
10879
10924
10969
10972
10995
11040
11085
11108
11285
11308
11311
11314
11337
11382
11385
11430
11433
11456
11633
11678
11681
11748
11815
11838
11841
11930
11933
11936
12003
12114
12137
12140
12251
12254
12277
12322
12389
12434
12457
12546
12549
12552
12555
12558
12561
12564
12567
12570
12703
12770
12859
12862
12865
12932
12977
13022
13045
13068
13071
13074
13097
13100
13145
13168
13235
13238
13261
13350
13417
13462
13507
13530
13553
13576
13621
13624
13669
13692
13715
13718
13741
13764
13809
13876
13899
13922
13925
13970
13993
14016
14149
14152
14219
14242
14309
14332
14399
14402
14535
14558
14581
14692
14715
14738
14827
14916
14961
14964
14987
15054
15121
15232
15255
15258
15261
15284
15351
15374
15397
15420
15487
15510
15533
15536
15559
15604
15693
15696
15719
15808
15811
15856
15859
15926
16081
16084
16087
16110
16177
16244
16267
16270
16273
16276
16321
16366
16411
16522
16655
16788
16965
17252
17363
17562
17607
17610
17677
17722
17767
17878
17945
18012
18035
18058
18061
18084
18151
18328
18417
18484
18529
18640
18861
18928
19017
19040
19085
19108
19153
19242
19331
19596
19685
19730
19753
19820
19887
19910
19955
20044
20067
20134
20179
20268
20291
20380
20535
20558
20603
20606
20651
20696
20699
20788
20921
20988
21011
21034
21123
21256
21323
21346
21391
21414
21437
21526
21593
21704
21749
21816
21839
21884
21973
21996
22019
22064
22067
22090
22135
22158
22203
22226
22337
22340
22363
22366
22389
22392
22395
22462
22507
22552
22597
22620
22731
22864
23019
23042
23065
23088
23091
23136
23181
23248
23251
23274
23277
23300
23367
23390
23413
23458
23503
23548
23571
23638
23705
23838
23841
23844
23933
23956
23979
24046
24091
24136
24159
24248
24645
24844
24933
24978
25045
25068
25071
25138
25249
25294
25339
25362
25385
25388
25411
25434
25523
25590
25613
25658
25681
25726
25771
25774
25797
25800
25823
25890
25893
25916
25939
25962
25985
26008
26053
26056
26059
26126
26129
26174
26219
26286
26331
26420
26465
26510
26555
26600
26603
26626
26671
26694
26739
26762
26807
26810
26833
26878
26945
26990
27013
27058
27103
27192
27195
27240
27243
27246
27269
27336
27359
27382
27405
27428
27431
27434
27523
27546
27549
27594
27661
27684
27773
27796
27863
27866
27889
27934
27979
27982
28027
28030
28053
28076
28079
28082
28085
28088
28155
28244
28333
28356
28379
28402
28405
28428
28451
28474
28477
28522
28525
28592
28595
28598
28601
28712
28757
28802
28825
28848
28851
28896
28919
28964
29009
29032
29035
29102
29105
29108
29131
29154
29199
29222
29333
29356
29401
29404
29427
29450
29453
29456
29479
29482
29527
29530
29597
29620
29623
29626
29629
29652
29719
29722
29745
29834
29837
29860
29883
29886
29931
29976
30021
30024
30027
30030
30053
30098
30121
30124
30127
30150
30153
30198
30265
30332
30355
30378
30381
30426
30537
30582
30627
30650
30653
30656
30701
30724
30747
30770
30773
30776
30821
30824
30827
30850
30917
30984
31051
31074
31097
31100
31103
31106
31109
31176
31265
31268
31401
31424
31447
31470
31559
31692
31737
31782
31827
31850
31873
31896
31941
31944
31947
31970
31973
31976
31999
32002
32025
32048
32093
32160
32163
32166
32189
32212
32235
32238
32305
32372
32395
32398
32401
32424
32447
32470
32493
32496
32519
32542
32545
32568
32613
32616
32619
32642
32645
32648
32693
32696
32719
32722
32745
32768
32791
32814
32859
32904
32971
32974
32977
33044
33089
33134
33157
33160
33205
33208
33231
33254
33277
33322
33345
33348
33351
33354
33399
33466
33511
33514
33669
33714
33759
33782
33785
33788
33855
33858
33861
33864
33867
33912
33915
33938
33961
33984
33987
34032
34055
34100
34103
34148
34259
34348
34459
34548
34615
34638
34661
34728
34817
34840
34929
34974
35107
35152
35175
35178
35201
35290
35357
35380
35383
35428
35517
35562
35585
35652
35675
35720
35743
35746
35791
35836
35903
35948
35951
35996
36019
36064
36087
36132
36177
36180
36183
