45
68
91
94
161
184
317
494
649
760
849
1004
1093
1182
1359
1492
1603
1736
1825
2002
2047
2180
2335
2512
2601
2712
2867
2978
3023
3112
3179
3268
3313
3402
3491
3580
3713
3846
3849
4026
4335
4556
4711
4844
4911
5000
5199
5332
5487
5532
5643
5666
5865
5932
6087
6242
6529
6640
6685
6774
6907
7018
7129
7196
7329
7396
7485
7574
7663
7730
7797
7930
7953
8064
8153
8330
8485
8596
8619
8730
8797
8886
8975
9020
9241
9396
9419
9596
9599
9666
9755
9800
9911
9978
10067
10156
10245
10334
10467
10622
10645
10756
10779
10868
10957
11002
11113
11158
11203
11358
11469
11514
11581
11648
11693
11716
11719
11742
11745
11768
11813
11816
11819
11864
11953
12064
12197
12220
12243
12266
12269
12402
12535
12646
12669
12780
12847
12958
13091
13158
13335
13490
13513
13602
13625
13692
13715
13848
13893
13916
13961
14094
14227
14404
14537
14604
14607
14652
14719
14742
14897
15008
15119
15186
15209
15320
15387
15390
15413
15416
15461
15506
15573
15640
15663
15774
15995
16040
16063
16130
16175
16264
16331
16398
16553
16598
16643
16754
16799
16888
16911
16934
17023
17046
17091
17202
17313
17380
17425
17514
17517
17694
17739
17850
17939
18006
18051
18162
18251
18296
18363
18452
18475
18478
18545
18590
18767
18812
18835
18838
18905
19016
19171
19326
19481
19570
19615
19682
19793
19948
20037
20104
20171
20216
20239
20372
20549
20704
20815
20948
21059
21104
21171
21304
21437
21548
21747
21814
22013
22124
22279
22478
22655
22810
22855
22944
23055
23232
23299
23432
23719
23742
23985
24250
24383
24494
24627
24782
24849
25004
25269
25358
25491
25712
25867
25912
25979
26024
26069
26268
26445
26512
26535
26668
26713
26758
26847
27002
27069
27136
27181
27314
27491
27690
27977
28220
28287
28376
28421
28444
28533
28600
28733
28778
28801
28956
29111
29178
29333
29400
29423
29446
29535
29734
29823
30044
30287
30706
30971
31588
32139
32756
33197
33528
33727
33904
34213
34654
34809
34942
35097
35120
35209
35342
35519
35696
35873
36072
36139
36360
36691
37088
37375
37684
38015
38148
38193
38348
38767
38966
39187
39386
39519
39608
39675
39786
39985
40074
40097
40208
40341
40430
40541
40696
40829
41006
41051
41162
41405
41560
41583
41672
41783
41850
41853
41876
41899
42010
42275
42298
42409
42432
42455
42522
42655
42854
43031
43296
43385
43430
43475
43608
43741
43808
43897
44008
44053
44098
44187
44254
44365
44432
44455
44544
44611
44656
44723
44812
44923
44990
45167
45234
45345
45500
45787
45854
45987
46054
46209
46342
46497
46586
46609
46676
46743
46810
46855
46878
46945
46968
46971
47060
47149
47238
47371
47482
47571
47616
47771
47970
48037
48346
48655
48744
48833
48878
49407
49716
50003
50136
50203
50380
50601
50734
50889
51044
51265
51376
51399
51576
51643
51754
51887
52086
52089
52178
52267
52378
52533
52578
52645
52690
52757
52956
53045
53200
53245
53312
53315
53318
53363
53474
53607
53762
53917
53940
54051
54184
54339
54406
54517
54606
54651
54784
54873
54940
55117
55228
55295
55318
55363
55540
55717
55784
55939
56006
56051
56184
56449
56692
56781
56848
57003
57070
57203
57424
57535
57646
57691
57758
57781
57936
58135
58138
58161
58250
58361
58364
58497
58718
58851
58984
59095
59272
59339
59450
59561
59650
59695
59762
59765
59876
59921
59966
60231
60584
60717
60806
60851
61050
61183
61294
61383
61516
61519
61564
61697
61742
61875
61964
62163
62362
62429
62540
62607
62610
62721
62876
63053
63098
63253
63386
63409
63432
63609
63742
63765
63832
64075
64164
64429
64606
64761
64916
65005
65072
65139
65250
65361
65516
65583
65672
65871
66026
66181
66314
66403
66492
66559
66692
66825
66980
67025
67136
67181
67226
67403
67514
67603
67714
67737
67782
67827
67872
67939
68094
68381
68448
68559
68780
68957
69178
69289
69400
69445
69448
69581
69780
70067
70222
70311
70378
70445
70448
70515
70802
70935
71046
71113
71136
71159
71270
71403
71580
71625
71692
71715
71738
72025
72136
72159
72226
72271
72382
72471
72560
72737
72870
73047
73202
73291
73380
73557
73712
73867
73956
74243
74310
74399
74466
74533
74644
74711
74778
74781
74804
74827
74850
74895
75006
75073
75140
75163
75230
75319
75540
75651
75718
75829
75962
76051
76054
76143
76276
76387
76476
76499
76676
76721
76810
76943
77076
77121
77210
77255
77498
77653
77742
77831
77920
78009
78076
78165
78320
78519
78652
78675
78742
78853
79052
79185
79296
79451
79454
79543
79654
79721
79810
79877
79880
79925
79970
80059
80280
80325
80370
80657
80790
80967
81144
81189
81278
81301
81346
81391
81394
81397
81486
81597
81664
81819
81886
81889
81956
82023
82288
82597
82686
83017
83458
84427
85022
85331
85640
85949
86280
86501
86700
87097
87428
87847
88178
88289
88334
88445
88710
88843
89020
89197
89264
89419
89640
89729
89884
89973
90150
90283
90394
90483
90660
90947
91014
91103
91236
91347
91788
92075
92296
92517
92672
92695
