3
6
9
12
15
18
21
24
27
72
75
78
81
84
87
90
93
116
119
122
125
128
151
154
157
160
163
166
189
192
195
198
201
204
207
210
213
216
219
222
225
228
251
254
257
260
283
306
309
312
357
360
363
366
369
372
375
378
381
384
387
390
393
396
399
402
405
408
411
414
417
420
423
426
429
432
435
438
441
444
447
470
473
476
479
482
505
508
511
534
537
540
543
546
549
552
555
558
561
564
567
590
613
616
619
622
625
628
631
634
637
640
643
646
649
672
675
678
681
684
687
690
713
716
719
722
725
728
731
734
737
740
743
746
749
752
755
758
761
784
807
810
813
816
819
822
825
828
831
834
837
840
843
846
849
852
855
858
861
864
867
870
873
876
879
882
885
888
891
894
897
900
903
906
909
912
935
938
941
964
967
970
973
976
979
982
985
988
991
994
997
1000
1003
1006
1009
1012
1015
1018
1021
1024
1027
1030
1033
1036
1039
1042
1045
1048
1051
1054
1057
1060
1063
1066
1069
1072
1075
1098
1121
1124
1127
1130
1133
1136
1139
1142
1145
1168
1191
1194
1197
1200
1203
1206
1209
1212
1215
1218
1221
1224
1227
1230
1233
1236
1239
1242
1245
1248
1251
1254
1257
1260
1263
1266
1269
1272
1317
1320
1323
1326
1329
1332
1335
1338
1341
1344
1347
1350
1353
1376
1379
1382
1385
1388
1391
1394
1397
1400
1403
1406
1409
1412
1415
1418
1421
1424
1427
1430
1433
1436
1439
1442
1445
1448
1451
1454
1457
1460
1463
1466
1469
1472
1475
1478
1481
1484
1487
1510
1513
1516
1519
1522
1525
1528
1531
1534
1537
1540
1543
1546
1549
1552
1555
1558
1561
1564
1567
1570
1573
1576
1579
1582
1585
1588
1591
1594
1597
1600
1603
1606
1609
1612
1615
1618
1621
1624
1627
1630
1633
1678
1681
1684
1687
1710
1713
1758
1761
1764
1767
1770
1773
1776
1799
1802
1805
1808
1811
1814
1837
1840
1843
1846
1869
1892
1915
1918
1921
1924
1927
1930
1953
1998
2001
2004
2007
2010
2013
2036
2039
2042
2045
2048
2051
2054
2077
2080
2103
2106
2109
2112
2115
2138
2141
2144
2147
2150
2153
2156
2159
2162
2165
2168
2171
2174
2177
2180
2183
2206
2209
2212
2235
2238
2261
2264
2267
2270
2315
2318
2321
2324
2327
2330
2333
2336
2339
2342
2345
2348
2393
2396
2399
2402
2405
2408
2411
2414
2417
2420
2423
2426
2429
2432
2435
2438
2441
2444
2447
2450
2453
2456
2459
2462
2465
2468
2471
2474
2477
2480
2483
2486
2489
2492
2495
2498
2501
2504
2507
2510
2513
2516
2519
2522
2545
2548
2551
2554
2557
2560
2563
2566
2569
2572
2575
2578
2581
2584
2587
2590
2593
2596
2599
2602
2605
2608
2631
2634
2637
2640
2643
2666
2669
2672
2675
2678
2681
2684
2687
2690
2693
2696
2719
2764
2787
2790
2793
2796
2799
2802
2847
2870
2873
2918
2941
2964
2967
2990
3013
3036
3059
3062
3065
3068
3071
3074
3185
3188
3211
3278
3301
3304
3307
3310
3313
3336
3359
3362
3385
3408
3431
3434
3437
3460
3483
3486
3489
3512
3515
3538
3561
3564
3587
3610
3633
3636
3639
3642
3645
3648
3651
3654
3657
3660
3663
3666
3669
3672
3675
3678
3681
3684
3687
3690
3693
3696
3699
3702
3705
3708
3711
3714
3717
3720
3723
3726
3729
3732
3735
3758
3761
3764
3767
3770
3773
3776
3779
3782
3785
3788
3811
3814
3817
3820
3823
3826
3829
3832
3835
3858
3861
3864
3867
3870
3893
3896
3899
3902
3905
3908
3953
3956
3959
3962
3985
3988
3991
4014
4017
4020
4023
4026
4029
4032
4035
4038
4041
4044
4047
4050
4053
4056
4059
4062
4065
4068
4071
4074
4077
4080
4083
4086
4089
4112
4115
4118
4121
4144
4147
4150
4153
4156
4159
4162
4165
4168
4171
4174
4177
4180
4183
4186
4189
4192
4195
4198
4201
4204
4207
4210
4213
4216
4219
4222
4225
4228
4231
4234
4237
4240
4243
4246
4249
4252
4255
4258
4261
4264
4267
4270
4273
4276
4279
4282
4285
4288
4291
4294
4297
4300
4303
4306
4309
4312
4315
4318
4321
4324
4327
4330
4333
4336
4339
4342
4345
4348
4351
4354
4357
4360
4363
4366
4369
4372
4375
4378
4381
4384
4387
4390
4393
4396
4399
4402
4405
4408
4411
4414
4417
4420
4423
4426
4429
4432
4435
4438
4441
4444
4447
4450
4453
4456
4459
4462
4465
4468
4471
4474
4477
4480
4483
4486
4489
4492
4495
4498
4501
4504
4507
4510
4513
4516
4519
