45
156
201
224
291
314
645
888
1021
1308
1419
1596
1861
2104
2413
2766
2987
3076
3231
3430
3871
3916
4115
4248
4293
4492
4669
4868
4957
5134
5333
5444
5577
5754
5997
6152
6417
6528
6661
6750
7015
7500
7831
8096
8099
8232
8453
8652
9093
9314
9425
9492
9581
9758
9869
9958
10179
10246
10291
10380
10623
10712
10801
11022
11177
11244
11289
11444
11511
11688
11755
11932
12021
12044
12089
12134
12289
12378
12467
12666
12755
12822
12889
13000
13155
13200
13267
13312
13401
13512
13579
13668
13713
13780
13825
13958
14047
14202
14445
14578
14581
14604
14759
14936
15047
15246
15445
15490
15623
15800
15889
15934
16001
16178
16201
16268
16379
16424
16535
16558
16647
16692
16759
16826
16893
17026
17115
17248
17359
17448
17581
17648
17781
17914
18201
18290
18423
18622
18799
18932
19153
19308
19397
19464
19531
19620
19907
20128
20261
20350
20395
20836
20969
21212
21477
21654
21699
21744
21855
22098
22275
22496
22585
22696
22763
22852
22985
23162
23339
23494
23517
23540
23673
23850
24137
24336
24623
24910
24955
25176
25397
25552
25685
25752
25797
25864
25997
26064
26131
26242
26309
26354
26399
26576
26665
26754
26865
27284
27461
27572
27815
28014
28147
28346
28501
28524
28613
28724
29033
29298
29409
29564
29719
29742
29875
29942
30119
30340
30495
30562
30607
30652
30741
30918
31139
31294
31449
31494
31561
31650
31805
32004
32203
32270
32337
32426
32603
32758
32891
33024
33201
33268
33379
33424
33645
33734
33867
34044
34111
34266
34355
34598
34863
35128
35327
35416
35571
35682
35947
36102
36389
36478
36677
36876
37207
37384
37539
37716
37805
37960
38181
38512
38865
39306
39747
40122
40299
40344
40631
41028
41227
41404
41559
41648
41913
42244
42531
42884
43083
43304
43393
43548
43725
44144
44563
44740
44785
44896
44919
45184
45339
45516
45891
46002
46113
46136
46357
46468
46755
46976
47131
47286
47419
47530
47685
47928
48215
48810
49383
50154
51079
52334
53457
54536
55307
55660
56057
57290
57731
58348
58393
58438
58703
58814
59277
59630
60071
60578
61459
61724
62429
63156
64147
65028
65799
66460
66571
67056
67519
68488
68929
69414
69855
70296
70539
70980
71421
71598
71709
71820
71887
72086
72527
72924
73277
73410
73499
73720
73875
74316
74735
75000
75419
76014
76125
76280
76699
77140
77515
77956
78133
78266
78707
78840
79281
79722
80031
80384
80583
80694
80915
81092
81225
81556
81733
81844
81889
81978
82265
82662
82971
83126
83303
83414
83591
83790
84011
84166
84365
84762
84939
85204
85469
85756
86043
86352
86463
86574
86839
86994
87347
87524
87701
87746
87791
87946
88057
88278
88521
88610
88743
89074
89229
89318
89517
89848
89981
90048
90225
90512
90601
90822
91087
91374
91463
91904
92983
94282
94811
95604
96243
96464
96905
97258
97523
97722
97921
98274
98363
98584
98761
98916
99269
99358
99513
99668
99779
99868
100067
100222
100289
100576
100643
100798
100909
101042
101131
101308
101485
101728
101993
102126
102413
102546
102657
102878
103055
103232
103431
103674
103939
104116
104359
104404
104493
104538
104737
104958
105179
105488
105797
105996
106129
106218
106461
106902
107145
107388
107521
107742
107897
108008
108075
108230
108429
108496
108739
108916
109137
109380
109601
109756
109801
110000
110133
110332
110663
110730
111171
112712
114517
115156
116169
116830
117667
118020
118329
118814
119387
119630
119873
120072
120249
120316
121043
121902
122365
122718
123027
123358
123425
123580
123691
123912
124045
124156
124245
124356
124489
124688
124975
125878
126297
126430
126563
126982
127181
127490
128217
128658
128813
128968
129211
129432
129653
129918
130117
130140
130273
130494
130715
131222
131443
131642
131885
132128
132305
132526
132857
133166
133519
133718
134093
134380
134689
135064
135351
135638
135727
135860
136125
136280
136545
136766
136899
136966
137011
137188
137299
137410
137587
137808
138051
138184
138295
138516
138979
139354
139509
139796
139951
140084
140195
140306
140461
140638
141079
141806
142599
143150
143415
143548
143769
143946
144123
144520
144675
144918
145095
145184
145251
145340
145495
145672
146003
146092
146095
146140
146537
146604
146913
147024
147091
147202
147401
147512
147733
147866
148131
148330
148639
148926
149059
149170
149325
149568
149789
149900
150033
150166
150255
150454
150653
150720
150941
151184
151251
151340
151385
151584
151739
151850
152005
152072
152227
152514
152845
153154
153375
153574
153817
153972
154215
154304
154569
154702
154901
155034
155299
155652
155895
155940
156051
156162
156207
156450
156671
156804
157201
157488
157577
157754
157865
158064
158439
158704
158881
158970
159125
159522
159765
160206
160559
161000
161111
161178
161245
161378
161687
161930
162063
162328
162615
162814
163123
163322
163917
164732
164975
165086
165241
165572
165749
165882
166037
166082
166193
166348
166503
166812
166945
167144
167189
167410
167697
168138
168579
169086
170341
171860
172389
173688
173975
174416
174989
175870
176465
176686
177039
177568
178009
178670
179067
179530
179663
179840
180281
180634
180767
180900
181187
181364
181607
182048
182313
182688
183041
183372
183593
183704
184035
184234
184521
184720
184919
185448
185713
185846
186045
186266
186289
