133
244
355
422
555
644
975
1328
1505
1726
1947
2058
2235
2390
2611
2788
2987
3142
3253
3408
3629
3872
4027
4138
4183
4294
4559
4604
4781
4936
5047
5070
5137
5336
5469
5668
5999
6242
6353
6552
6729
6994
7325
7414
7613
7746
7879
7968
8101
8344
8587
8852
9051
9272
9449
9626
10001
10178
10311
10378
10555
10710
10843
11108
11197
11462
11595
11662
11927
12214
12501
12700
12921
13010
13055
13188
13387
13498
13631
13962
14161
14228
14273
14472
14913
15332
15531
15752
15863
16062
16261
16394
16527
16660
16815
16882
17037
17126
17215
17414
17525
17680
17791
17880
17991
18190
18433
18544
18743
18986
19119
19252
19319
19452
19497
19542
19653
19720
19809
19854
19965
20054
20143
20342
20431
20564
20697
20808
20875
20920
21163
21318
21363
21518
21673
21806
21983
22094
22249
22338
22581
22780
22825
22958
23069
23224
23291
23314
23359
23404
23449
23560
23563
23608
23719
23808
23853
23942
24053
24208
24319
24496
24563
24740
24873
25050
25205
25272
25339
25428
25561
25650
25761
25784
25917
26116
26403
26448
26669
26802
26805
26850
26961
27050
27161
27184
27187
27276
27343
27388
27411
27434
27479
27634
27745
27748
27815
27926
28059
28214
28325
28568
28789
28922
29011
29100
29277
29432
29719
29830
30029
30032
30035
30102
30147
30236
30303
30370
30415
30438
30461
30638
30705
30904
31125
31368
31589
31744
32031
32252
32363
32562
32585
32608
32785
32896
33095
33162
33185
33252
33363
33430
33519
33542
33587
33742
33787
33920
34075
34252
34341
34430
34585
34630
34675
34764
34875
35030
35163
35230
35429
35562
35673
35740
35895
36028
36205
36316
36405
36626
36693
36760
37135
37312
37489
37578
37689
37866
37933
38154
38265
38398
38465
38510
38665
38842
38887
39020
39087
39198
39287
39376
39487
39642
39819
40062
40195
40262
40285
40330
40441
40596
40729
40862
40951
40996
41107
41174
41285
41352
41397
41486
41575
41686
41797
42062
42261
42790
43297
43760
44289
44730
45325
45546
45877
46186
46605
46870
47091
47158
47291
47468
47777
47954
48109
48352
48507
48728
48993
49302
49809
50162
50559
50868
51023
51068
51201
51378
51643
51842
51997
52284
52439
52638
52859
53014
53235
53346
53501
53656
53855
54010
54187
54342
54497
54652
54719
54764
54919
55052
55141
55252
55363
55518
55541
55586
55653
55698
55831
55964
56031
56120
56231
56430
56695
56872
56983
57336
57623
57800
57845
57890
57979
58090
58135
58268
58401
58446
58535
58624
58627
58672
58695
58762
58829
58852
58875
59008
59119
59142
59209
59320
59453
59542
59631
59698
59743
59788
59833
59900
59989
60166
60277
60322
60433
60544
60589
60656
60701
60790
60901
60968
61035
61146
61257
61302
61545
61700
61965
62120
62275
62452
62629
62806
62983
63094
63689
64020
64307
64550
64749
64926
65103
65434
65655
65832
66031
66076
66143
66342
66431
66498
66807
66962
67095
67206
67317
67450
67583
67716
67871
68004
68071
68402
68601
68778
68845
68890
68913
69046
69311
69510
69643
69842
69953
69998
70043
70132
70287
70442
70553
70686
70753
70842
70953
71086
71219
71374
71507
71552
71641
71752
71973
72260
72481
72526
72615
72748
72947
73102
73147
73214
73303
73436
73503
73548
73659
73858
73925
73992
73995
74062
74239
74372
74439
74572
74639
74684
74927
75192
75457
75678
75811
76164
76297
76408
76431
76454
76609
76808
76919
77074
77185
77318
77517
77760
78091
78356
78621
78798
79063
79240
79527
79660
79727
79794
80015
80214
80259
80392
80437
80592
80945
81144
81277
81476
81587
81654
81677
81744
81943
82076
82209
82386
82431
82498
82565
82764
83007
83272
83493
83802
83957
84112
84245
84290
84423
84512
84755
84976
85131
85220
85419
85596
85707
85818
85907
85952
86019
86130
86153
86352
86595
86750
86883
87016
87171
87282
87349
87438
87615
87726
87793
87882
88015
88214
88347
88436
88503
88570
88681
88836
88991
89212
89257
89412
89743
90074
90317
90516
90583
90804
90849
90916
91049
91182
91205
91228
91251
91318
91429
91496
91585
91652
91763
91808
91897
91964
92119
92208
92363
92430
92497
92542
92675
92984
93095
93250
93383
93494
93649
93826
94003
94224
94489
94556
94689
94800
94933
95000
95111
95178
95289
95312
95335
95402
95513
95558
95561
95716
95805
95828
95939
96094
96205
96316
96471
96538
96583
96650
96739
96938
96961
97028
97095
97272
97361
97472
97605
97738
97827
97850
97895
97918
97963
98140
98229
98318
98407
98452
98475
98478
98523
98656
98811
98944
99033
99254
99431
99806
99939
100160
100425
100602
100757
100934
100979
101002
101091
101246
101357
101490
101733
101756
101823
101890
102111
102200
102245
102444
102643
102820
102975
103108
103131
103176
103243
103354
103487
103554
103643
103798
103887
103932
104109
104264
104463
104596
105037
105918
106799
107394
107725
108144
108541
108938
109247
109688
110239
110724
110879
111166
111387
111520
111587
111676
111787
111876
112031
112120
112209
112386
112497
112828
113181
113248
113425
113624
113669
113802
113869
113958
114113
114246
114401
114732
115129
115240
115373
115440
115551
